gippo: -1.0403521002899651e-06
ppo: -0.0010767881060019136
basic_lr: -0.0007378014852292836
basic_rp: -9.283110898650193e-07
basic_combination: -3.0528660659001615e-06
