gippo: -509.32440795898435
ppo: -474.9317321777344
basic_rp: -495.75856323242186
