gippo: -509.32440795898435
ppo: -1093.5745483398437
basic_lr: -1350.835888671875
basic_rp: -495.75856323242186
pe: -1275.0435791015625
