gippo: -0.0005238908284809441
ppo: -0.24888742566108704
basic_lr: -1.2772140979766846
basic_rp: -0.4821495391428471
basic_combination: -1.2255420207977294
