gippo: 873.6918823242188
ppo: 489.4950424194336
basic_rp: 545.1949905395508
