gippo: 943.4718994140625
ppo: 946.3407348632812
basic_lr: 945.3126342773437
basic_rp: 947.3981079101562
