gippo: -3.837847983856335e-10
ppo: -5.2067916840314865e-05
basic_lr: -1.245625708179432e-06
basic_rp: -1.4185179519898839e-08
basic_combination: -6.357973134640815e-08
