gippo: 44.376082229614255
ppo: 32.54322280883789
basic_lr: 22.291491317749024
basic_rp: 22.75334987640381
