gippo: 157.4507797241211
ppo: 181.28235321044923
basic_rp: 102.98835906982421
