gippo: 137.12564086914062
ppo: 131.82259521484374
basic_lr: 125.91117095947266
basic_rp: 131.16521148681642
