gippo: 4776.7783203125
ppo: 4452.1615234375
basic_lr: 4084.03115234375
basic_rp: 5176.00166015625
pe: 431.6836456298828
