gippo: 4769.56787109375
ppo: 4715.2552734375
basic_rp: 5176.00166015625
