gippo: 5932.9634765625
ppo: 2944.821533203125
basic_rp: 7066.32890625
