gippo: 5932.9634765625
ppo: 4797.38173828125
basic_lr: 1778.378955078125
basic_rp: 7066.32890625
pe: 901.0375366210938
