gippo: -0.0036001364234834908
ppo: -0.13760634660720825
basic_lr: -0.6378174424171448
basic_rp: -0.008944875746965408
basic_combination: -0.032601694390177724
